,Date,SMB_Wt,HML_Wt,RMW_Wt,CMA_Wt,Mom   _Wt
304,2015-09,0.0,0.1182834613420893,0.21044181791586689,0.23945917023070892,0.43181555051133497
305,2015-10,0.4686726664327999,0.20692154914017155,0.12987822360092516,0.1005371686338626,0.09399039219224084
306,2015-11,0.2693264089792087,0.3428375903882391,0.042697670513972524,0.24526142204774315,0.09987690807083655
307,2015-12,0.16687279257782245,0.07879608540385799,0.18556264224764674,0.15913375556377377,0.4096347242068991
308,2016-01,0.06836061138136243,0.0,0.2707769551852992,0.2676287379224363,0.39323369551090204
309,2016-02,0.0,0.0,0.2602360909589631,0.17521649115411897,0.564547417886918
310,2016-03,0.28885745903788573,0.20528891331387286,0.22238870559804322,0.15999408379619037,0.1234708382540078
311,2016-04,0.31185554120468323,0.0,0.0,0.5832412807767279,0.10490317801858887
312,2016-05,0.0,0.28618520323913726,0.05606407664852046,0.35026497302160925,0.30748574709073306
313,2016-06,0.0,0.0,0.0,0.19370741136040653,0.8062925886395935
314,2016-07,0.1469305280750656,0.22720557685712942,0.21407712004076315,0.0,0.4117867750270417
315,2016-08,0.18371424898277897,0.035617073344946154,0.360885162831105,0.1734830461794672,0.24630046866170277
316,2016-09,0.37016892434462983,0.05586032429183341,0.0005032666632799781,0.2836872407541486,0.2897802439461082
317,2016-10,0.0,0.10692869360297208,0.0,0.41467522586771594,0.478396080529312
318,2016-11,0.08073076052567406,0.0677624444274386,0.27318524568211566,0.0,0.5783215493647716
319,2016-12,0.10738151624824845,0.20407758856682212,0.20373560417631636,0.30581943329093836,0.1789858577176748
320,2017-01,0.19477112804133317,0.3106366233957403,0.0,0.3811025031552441,0.1134897454076825
321,2017-02,0.0,0.28083452384733665,0.4380025464076436,0.0,0.2811629297450198
322,2017-03,0.14256738409801292,0.09950497540854622,0.3680817209613291,0.04308825275275873,0.346757666779353
323,2017-04,0.4232941884013104,0.26073981681886393,0.1571972220263684,0.13662260877678298,0.02214616397667441
324,2017-05,0.5394257946828361,0.014304262738881045,0.0,0.24578186216839268,0.2004880804098902
325,2017-06,0.36998457162369985,0.37412891617351474,0.05174900899002448,0.15218202738281153,0.05195547582994951
326,2017-07,0.12451191680523574,0.4414082100888917,0.2577920216005066,0.0,0.1762878515053658
327,2017-08,0.2857856030715077,0.15647880407776882,0.0,0.32623599246896984,0.23149960038175357
328,2017-09,0.20595876422659415,0.38920815909284817,0.0,0.20893922908565504,0.1958938475949025
329,2017-10,0.04445509486991465,0.2242324408763753,0.28555032899000166,0.005374939921462242,0.4403871953422462
330,2017-11,0.0,0.14481672924308972,0.13203376951117077,0.46418121380237504,0.2589682874433644
331,2017-12,0.0,0.38645349704210585,0.0378190064112728,0.1949675903475352,0.3807599061990862
332,2018-01,0.0,0.06548934492433733,0.0,0.16192374472191903,0.7725869103537437
333,2018-02,0.0,0.3408515739222298,0.0,0.04415237561039585,0.6149960504673743
334,2018-03,0.20553421446090606,0.008257147340000697,0.3255424108791692,0.05288006845530108,0.40778615886462294
335,2018-04,0.0,0.0,0.31873661577330636,0.06737461528501978,0.6138887689416738
336,2018-05,0.3616046126649843,0.0672538075122273,0.17972795111661258,0.2852253574324234,0.10618827127375238
337,2018-06,0.3162800338394366,0.03675449346733307,0.029611576585975966,0.44417881238523743,0.17317508372201681
338,2018-07,0.0,0.21425492863658832,0.18856847183720096,0.0,0.5971765995262107
339,2018-08,0.4279066272811417,0.0,0.0,0.23734523699826834,0.3347481357205899
340,2018-09,0.22960382822115416,0.25273082726260154,0.12819532914243142,0.021475657883406305,0.36799435749040665
341,2018-10,0.4028972140513643,0.23866297827654528,0.09073395527005898,0.000281989506312522,0.267423862895719
342,2018-11,0.09764322546754639,0.0,0.0,0.15537048326310915,0.7469862912693446
343,2018-12,0.032655022475289175,0.12874283452138235,0.117155407842389,0.23296099624732375,0.4884857389136157
344,2019-01,0.1411769894761805,0.11615655031567783,0.5652140699036673,0.09424965310598428,0.08320273719849007
345,2019-02,0.10870191920514528,0.0,0.5215206612915041,0.11055377290079829,0.2592236466025523
346,2019-03,0.40021105495933645,0.10651361932054464,0.23019802005060191,0.0,0.2630773056695169
347,2019-04,0.1832109376220594,0.23010408757710235,0.10201655095452818,0.15437337860826242,0.3302950452380477
348,2019-05,0.0,0.1784230432798812,0.30186710604615424,0.0,0.5197098506739646
349,2019-06,0.3897039583502658,0.0,0.0,0.46029890481312785,0.14999713683660637
350,2019-07,0.36847923529926413,0.0,0.19027352934477426,0.021615217290944642,0.4196320180650168
351,2019-08,0.08914523369728958,0.17417667684251517,0.256382784734848,0.16190813388810987,0.3183871708372374
352,2019-09,0.0,0.2316664749186593,0.48250177901651087,0.28583174606482975,0.0
353,2019-10,0.0349572956174547,0.0,0.05973707708364875,0.2966473859632635,0.608658241335633
354,2019-11,0.392253633606153,0.2529195053058187,0.0,0.08609897719941562,0.26872788388861263
355,2019-12,0.35834772524557396,0.3447192544879281,0.21911612345980275,0.0,0.07781689680669533
356,2020-01,0.3230663784139678,0.2529525358373437,0.42398108574868865,0.0,0.0
357,2020-02,0.0,0.20453164614848002,0.032960434587334324,0.4122541764464393,0.3502537428177463
358,2020-03,0.0,0.0,0.19631699361338786,0.31785089413336487,0.48583211225324724
359,2020-04,0.42887550423010395,0.33412602353199766,0.11417359136093476,0.12282488087696361,0.0
360,2020-05,0.2642311775417214,0.1206414057198451,0.33381739782586395,0.07985825852977847,0.20145176038279103
361,2020-06,0.28273193691197884,0.09563940404750454,0.009069352963597881,0.2369312162003975,0.3756280898765212
362,2020-07,0.0,0.09552760860239894,0.3389764050916608,0.060459136336639116,0.5050368499693012
363,2020-08,0.0,0.0,0.28331902987835295,0.18472916436587095,0.531951805755776
364,2020-09,0.346939633062304,0.17431764852895343,0.03608771762271345,0.18640912896225348,0.2562458718237757
365,2020-10,0.0,0.02885364781307208,0.2902134725468593,0.1567590973663445,0.524173782273724
366,2020-11,0.0,0.12438752161610225,0.08216225580057189,0.0,0.7934502225833259
367,2020-12,0.14030671900013048,0.0582493427734878,0.5022188780746789,0.17219190820203592,0.12703315194966694
368,2021-01,0.013518144110350695,0.0,0.3513132376398458,0.4201370191006947,0.21503159914910872
369,2021-02,0.0,0.17111049769934294,0.2534775019713865,0.033452701111429235,0.5419592992178413
370,2021-03,0.36134244332257803,0.37535469736585586,0.16023506291501297,0.10306779639655317,0.0
371,2021-04,0.19715576836985388,0.6532103997303074,0.14963383189983875,0.0,0.0
372,2021-05,0.0,0.0,0.24937918187985145,0.13502176756514805,0.6155990505550005
373,2021-06,0.19157302365026313,0.20255852321693218,0.2729338699783797,0.24101775289916638,0.0919168302552585
374,2021-07,0.0,0.10785838728792747,0.5654460478483605,0.21064143507649383,0.1160541297872181
375,2021-08,0.2842417690844044,0.18771334654445182,0.03949054301579691,0.16751965142117525,0.3210346899341717
376,2021-09,0.06449395771577875,0.23046718625986248,0.192734825931534,0.3820482904737189,0.13025573961910583
377,2021-10,0.012662422997407101,0.2737354516164281,0.12367098467911161,0.07349797604242282,0.5164331646646303
378,2021-11,0.44271123147975444,0.06429118408455244,0.09006684126259179,0.40293074317310135,0.0
379,2021-12,0.15714423376951453,0.37593657279965825,0.17376882423284995,0.1841783051239208,0.10897206407405644
380,2022-01,0.16359318916446672,0.1369547262537512,0.2185553005810918,0.3292828578573547,0.15161392614333555
