Date,SMB,HML,RMW,CMA,Mom   
1990-05,0.07234640679288054,0.04439009294080137,0.2669220678623328,0.10119884283527933,0.5151425895687058
1990-06,0.17300791808058505,0.06640104320882174,0.1244213722262388,0.3286000343410922,0.3075696321432623
1990-07,0.00652279601245535,0.687067846645297,0.11451130777421616,0.0661646336319421,0.12573341593608933
1990-08,0.026928959865078216,0.17091272247167844,0.2977573562224363,0.308476621046444,0.19592434039436307
1990-09,0.025666692333358995,0.0614357947691281,0.0057596057596057595,0.35229588562921893,0.5548420215086882
1990-10,0.01467561030971408,0.00751391247857361,0.2231632006136362,0.25046374928578696,0.5041835273122892
1990-11,0.04874540262633692,0.2246331918264374,0.4526358815302714,0.14691200309323962,0.1270735209237146
1990-12,0.1393703341389372,0.12236201416939176,0.5678821077601471,0.11006107094601376,0.06032447298551013
1991-01,0.6285501300947817,0.10047156810977967,0.20576577148882877,0.04028935062046302,0.024923179686146893
1991-02,0.28322175556178325,0.12393740397417438,0.3594184715251057,0.21782937668188224,0.015592992257054475
1991-03,0.3736726399139704,0.07019040139639168,0.18408426026600835,0.09204213013300418,0.2800105682906253
1991-04,0.08626137810687166,0.41739376503325,0.17252275621374333,0.20591425741640332,0.11790784322973165
1991-05,0.010320291235332195,0.1417622422435741,0.14743273193331707,0.03033595307269898,0.6701487815150776
1991-06,0.05581395348837209,0.26744186046511625,0.4162790697674419,0.15116279069767444,0.10930232558139534
1991-07,0.12320801518871514,0.08960582922815646,0.18924751132986647,0.08697036366262244,0.5109682805906395
1991-08,0.17427614940208747,0.159593543408505,0.10456568964125248,0.36612636429009976,0.19543825325805528
1991-09,0.318018404465128,0.18875736257426873,0.11200986350561001,0.01630863612641682,0.3649057333285764
1991-10,0.08247444390397654,0.19283246178156777,0.05331250413960992,0.394048943640595,0.2773316465342508
1991-11,0.30166336220257034,0.13247650297784835,0.27792245559722806,0.002503805906281334,0.285433873316072
1991-12,0.032764572746344985,0.018857308055450352,0.27915415979885927,0.02520351749718845,0.644020441902157
1992-01,0.5030362406273463,0.2580937574460568,0.041512860684239976,0.17535032353022967,0.022006817712127213
1992-02,0.11123384513420966,0.5411150210664183,0.006690757602057723,0.18315948935633017,0.15780088684098403
1992-03,0.009772191019915825,0.032353770028737315,0.9088137648521718,0.01772186841461735,0.031338405684557646
1992-04,0.019884153993986662,0.49189420150324203,0.19154405542407352,0.2527474814175645,0.04393010766113332
1992-05,0.06682297772567408,0.3786635404454865,0.3349522693016245,0.15273823480154078,0.06682297772567408
1992-06,0.013906388427007641,0.12300478691456801,0.7592888081146173,0.038344084809788175,0.06545593173401874
1992-07,0.2192183684757241,0.24270605081240879,0.1766900049914336,0.1493575697307131,0.21202800598972035
1992-08,0.2486144067661408,0.09492550076525376,0.3884351491314184,0.06328366717683584,0.20474127616035123
1992-09,0.05245288771554396,0.4202955746437817,0.1792140330281085,0.18521499899556484,0.16282250561700104
1992-10,0.27377789848375517,0.06679790623231231,0.16400221938157317,0.1674175371392131,0.32800443876314633
1992-11,0.29300375900982684,0.05508624910882249,0.10936240631898582,0.04677134358296249,0.49577624197940245
1992-12,0.14566473988439307,0.22716763005780352,0.18063583815028905,0.07283236994219654,0.37369942196531797
1993-01,0.11947891152800581,0.36772266035044276,0.03364465857400479,0.18014695986865126,0.29900680967889537
1993-02,0.01771642831743284,0.39240117080281994,0.14552780403605545,0.25243252888094175,0.19192206796274994
1993-03,0.00716180371352785,0.09389920424403181,0.5305039787798408,0.0716180371352785,0.29681697612732094
1993-04,0.20627245391367696,0.43657564870829735,0.04856830632316494,0.24195758844074305,0.06662600261411766
1993-05,0.1622923267625376,0.02497573511273278,0.7118084507128843,0.0821317443130251,0.018791743098820146
1993-06,0.013364920436259612,0.28271947076703025,0.11174682639013052,0.12439656713749331,0.46777221526908636
1993-07,0.09942688919484648,0.29828066758453947,0.05596785206577341,0.2155993597277724,0.33072523142706833
1993-08,0.00350516214789053,0.004556710792257689,0.022760793168120325,0.8762905369726325,0.09288679691909904
1993-09,0.18548710946911895,0.20078708537466872,0.01493855915187535,0.3890249779134206,0.2097622680909164
1993-10,0.49868522571604024,0.09559949883368613,0.150397131565155,0.1583127700685842,0.09700537381653443
1993-11,0.13952230979927924,0.23945045060146575,0.3951411335825388,0.18850354621817517,0.03738255979854106
1993-12,0.17112453264308314,0.03911417888984758,0.14178889847569745,0.3595053206787461,0.28846706931262583
1994-01,0.8396696355226793,0.05793720485106486,0.030349504898410092,0.07204365472784587,0.0
1994-02,0.27265252352891767,0.06630977273430558,0.21853048702317748,0.1021170500108306,0.34039016670276867
1994-03,0.18077633042838584,0.30081181383283406,0.12972509471540966,0.24064945106626726,0.14803730995710335
1994-04,0.18967054226808033,0.31800163116666347,0.20497695502911442,0.21263964493674486,0.07471122659939684
1994-05,0.13964628043523727,0.23952130020251897,0.21449668674852443,0.24309624498166105,0.16323948763205817
1994-06,0.26668710245995864,0.22268373055406546,0.16134569698827497,0.19601502030806958,0.15326844968963138
1994-07,0.1814502058761951,0.19469607090515736,0.5164352013399399,0.046995603321934545,0.060422918556772974
1994-08,0.2768415860134479,0.08050762963138625,0.19197044285604048,0.1374654084182173,0.3132149330809082
1994-09,0.45983803135101314,0.08689305203155957,0.08539849153661674,0.15273191755587223,0.21513850752493832
1994-10,0.10247890289078325,0.14549473867209964,0.05421133962922434,0.3466198186011786,0.35119520020671413
1994-11,0.0073885435689513635,0.150786603447987,0.044331261413708176,0.2111012448271818,0.5863923467421717
1994-12,0.0,0.6452029163171817,0.031034260274856444,0.03187302406606878,0.291889799341893
1995-01,0.06598478981329003,0.5189175840496754,0.03432528766087348,0.2692179424382233,0.11155439603793785
1995-02,0.20313729211455123,0.11846966876120629,0.06471954126769602,0.33240647800562934,0.28126701985091707
1995-03,0.2188801987228595,0.05192041923193411,0.6566405961685784,0.024558358296704837,0.04800042757992309
1995-04,0.4858614323195025,0.18278107083859682,0.04382470119521912,0.09620056359926149,0.1913322320474201
1995-05,0.08216193883395777,0.4120503394461816,0.07017451195808333,0.0071973858418547,0.4284158239199226
1995-06,0.31148716147222344,0.0400760590644104,0.3084642121927346,0.041718520501476404,0.2982540467691551
1995-07,0.3385523002663418,0.0999918188511849,0.048596023961675866,0.09817378578116337,0.41468607113963407
1995-08,0.24556400506970846,0.39149918522542093,0.11316313597682419,0.22732210755024443,0.022451566177801918
1995-09,0.017836376219116316,0.8383096822984668,0.034538358910696836,0.012071659425097922,0.09724392314662215
1995-10,0.008741044799602807,0.07062764198079068,0.0674493980916551,0.7062764198079068,0.14690549532004463
1995-11,0.16546878673104856,0.0902963169191332,0.2855670996810032,0.19829779401848863,0.2603700026503264
1995-12,0.0987664210189042,0.030178628644665174,0.100128164049984,0.425244312720282,0.3456824735661647
1996-01,0.10277914816641999,0.09998355533629337,0.04736063147508633,0.6077947705969413,0.142081894425259
1996-02,0.4367952664999038,0.22849720992880504,0.05922647681354627,0.12988262459111025,0.1455984221666346
1996-03,0.3235459127363697,0.07033606798616732,0.2853634758295931,0.2115370465749393,0.10921749687293061
1996-04,0.34349698748130475,0.018141616095811008,0.5209235478940016,0.034563647727564095,0.08287420080131847
1996-05,0.3411934449742383,0.12806119617694642,0.012754895139223862,0.3543026427562184,0.16368782095337292
1996-06,0.0328741904730596,0.28197836878266874,0.42116769124560305,0.1463887701765344,0.11759097932213419
1996-07,0.015257531880612863,0.2987943498307939,0.1714870295721483,0.15114111080935103,0.3633199779070938
1996-08,0.36467985138821185,0.19175510116111677,0.38351020232223354,0.05863585737984563,0.0014189877485922642
1996-09,0.1306257994773113,0.06675362546818481,0.23059372381729762,0.08178822579885706,0.4902386254383493
1996-10,0.01943914187852092,0.3620306905171979,0.1025997908348334,0.23817808586657752,0.2777522909028704
1996-11,0.0481892826222127,0.25453579081052746,0.38821286080454553,0.23179654932203572,0.07726551644067858
1996-12,0.4609929078014184,0.18581560283687942,0.05248226950354609,0.21134751773049643,0.08936170212765956
1997-01,0.010099511482362197,0.012944444294295214,0.02187352196850005,0.9190555448949601,0.03602697735988244
1997-02,0.036200585711880354,0.5316164613546766,0.06281887638582598,0.3253455239683823,0.044018552579234795
1997-03,0.26500596263415926,0.386299191731814,0.056976281966344244,0.18916125612826287,0.10255730753941963
1997-04,0.018022672522032716,0.0071910463362910544,0.33489730080441193,0.14267949079942568,0.4972094895378386
1997-05,0.7303440196511881,0.03722920961647448,0.15074179972160745,0.05194480936352689,0.02974016164720302
1997-06,0.18057663125948406,0.23975720789074356,0.08497723823975722,0.1001517450682853,0.3945371775417299
1997-07,0.07470621347213632,0.05360917878760502,0.014433240442816738,0.07991827487716907,0.7773330924202728
1997-08,0.2169232895255726,0.03363593714062755,0.025680208536133415,0.7126257868777024,0.0111347779199641
1997-09,0.4120880463441274,0.06123396672583418,0.10153202905958246,0.18186506304079053,0.24328089482966553
1997-10,0.2163808667686061,0.25541597513366265,0.11251805071967518,0.21828501839616984,0.1974000889818863
1997-11,0.030693865524036367,0.188214783393391,0.4407362844461906,0.28859600120319956,0.05175906543318253
1997-12,0.044894587508529975,0.3499622885464928,0.06744064935531371,0.1749811442732464,0.36272133031641707
1998-01,0.19720094839950386,0.16453576062780692,0.233328162146293,0.3673880682511305,0.037547060575265544
1998-02,0.03396257511294613,0.1997798536055655,0.5477834695636473,0.0668554628207601,0.15161863889708094
1998-03,0.13231439330274605,0.11954605434903107,0.33078598325686515,0.23244420445077013,0.18490936464058763
1998-04,0.0,0.1861572755159968,0.11718322769482363,0.5501101522340331,0.14654934455514643
1998-05,0.036414616827194435,0.3695355315623691,0.11816543160424596,0.28037434226098357,0.19551007774520693
1998-06,0.02231077455505323,0.0416619565670892,0.314067057198057,0.02749408581531812,0.5944661258644823
1998-07,0.02861371624529915,0.08471589023186883,0.26238205522614416,0.06785742807572694,0.5564309102209608
1998-08,0.013030928909767333,0.23781575569614477,0.22703657130198526,0.39815612355926794,0.12396062053283469
1998-09,0.3488214327611091,0.07955576536656875,0.14472378593280058,0.09099689550289804,0.3359021204366236
1998-10,0.13458859091565106,0.2070129447716068,0.4293241461618354,0.14310804872061178,0.08596626943029483
1998-11,0.17572877989243466,0.0720938584174091,0.27244772076346463,0.19856359309879626,0.28116604782789545
1998-12,0.05617875394516395,0.020916194786266294,0.1153142844137576,0.0258521699570666,0.7817385968977455
1999-01,0.26201360419523195,0.042719609379657394,0.07094231160520723,0.028898559286238825,0.5954259155336646
1999-02,0.01125260607612185,0.11277811913732363,0.04775496237183419,0.24082827524115982,0.5873860371735606
1999-03,0.10108474483848566,0.15605418637474247,0.10505859230142367,0.30111864131464394,0.3366838351707042
1999-04,0.5396450224053969,0.2937006095392205,0.047189917661110664,0.10625753759752286,0.01320691279674889
1999-05,0.35257183768610595,0.22332717481464934,0.08838054152239314,0.317409686757842,0.018310759219009494
1999-06,0.25150999065237245,0.03442936998157075,0.12410754997256805,0.03421485677296282,0.5557382326205259
1999-07,0.25489135334956264,0.22540798845911098,0.03570462537192318,0.3193580380488684,0.16463799477053465
1999-08,0.06394570437492801,0.059158325437767605,0.4609419523692727,0.07080068388392029,0.3451533339341114
1999-09,0.22535702614885816,0.024931356678082793,0.11601391307534525,0.07074019089960078,0.5629575131981129
1999-10,0.019672092902122466,0.0403365465737882,0.0781230815825668,0.11423038819635818,0.7476378907451643
1999-11,0.467298898581992,0.013164832617252422,0.018824480284482435,0.04630389403309473,0.4544078944831784
1999-12,0.28309943348246597,0.006305292435693372,0.006910932367016551,0.009329144935937086,0.6943551967788869
2000-01,0.37614148498274774,0.04526589546822323,0.013529393240104876,0.40167145002682564,0.16339177628209856
2000-02,0.472092466600814,0.0026929746898598215,0.0013847521327482943,0.05380339015782435,0.4700264164187535
2000-03,0.0031441333729576083,0.3916068422152669,0.5679021733970475,0.030294417153277083,0.007052433861451034
2000-04,0.00955540246436654,0.34755483167541834,0.3667038582140089,0.27047999985759147,0.005705907788614584
2000-05,0.024705524862410445,0.44710823619747303,0.3887488453674871,0.1289554281243238,0.010481965448305545
2000-06,0.3660775312576855,0.004382776358824102,0.004440791449013109,0.012509483708914894,0.6125894172255625
2000-07,0.025515150896602404,0.21839183106928897,0.1532159296190078,0.0772649799450914,0.5256121084700095
2000-08,0.109941057655799,0.08146711466580789,0.03516748117561272,0.12456321832402026,0.6488611281787601
2000-09,0.010907003444316879,0.41159586681974747,0.14695752009184848,0.31745120551090705,0.11308840413318026
2000-10,0.019135270301069564,0.2895453425606341,0.48730836112218795,0.1926921719317705,0.01131885408433802
2000-11,0.04795243118826125,0.34209264409705575,0.36350819986573324,0.23445861705188453,0.011988107797065313
2000-12,0.13521360431356283,0.3156366652841145,0.07092492741600996,0.1986727498963086,0.27955205309000414
2001-01,0.8941404412974587,0.03218231047443307,0.03478983243184982,0.03243823342055182,0.006449182375706549
2001-02,0.061468288444830585,0.2708514335360556,0.19765421372719374,0.197002606429192,0.2730234578627281
2001-03,0.09483109483109484,0.2612942612942613,0.13634513634513634,0.15954415954415954,0.347985347985348
2001-04,0.5426493384308384,0.0999311415525741,0.15250929119298073,0.14583700970328783,0.059073219120319105
2001-05,0.31774051191526925,0.29655781112091795,0.022065313327449255,0.1685789938217123,0.19505736981465138
2001-06,0.6501661813858123,0.08835700442838283,0.15833575193566204,0.06553632116542303,0.037604741084719735
2001-07,0.016390863077286197,0.24081783850410424,0.34296897537436727,0.1419022580052975,0.25792006503894466
2001-08,0.12801133679735474,0.1091166745394426,0.1913084553613604,0.3103448275862069,0.2612187057156353
2001-09,0.008191692149655662,0.06806067422541406,0.23422259612745946,0.1506722512162615,0.5388527862812094
2001-10,0.8676134774245001,0.021520593256303414,0.055245818258631244,0.036182975474883756,0.019437135585681355
2001-11,0.5008941734893564,0.343162598257558,0.04162927447230575,0.09644546197621146,0.017868491804568523
2001-12,0.5031125778144453,0.08190204755118877,0.033150828770719266,0.3750093752343808,0.006825170629265732
2002-01,0.07884856070087609,0.21526908635794742,0.29349186483103884,0.17772215269086356,0.2346683354192741
2002-02,0.11138834432364997,0.08661557654607022,0.3236054179290679,0.2049099982177865,0.27348066298342544
2002-03,0.601850540271294,0.15010860533825218,0.07955724260030325,0.08213489726055306,0.08634871452959743
2002-04,0.23855165069222578,0.1377351792687256,0.16187433439829604,0.19098331558395457,0.270855520056798
2002-05,0.03371566902002037,0.1557866202739061,0.24029831623948913,0.24844402187472606,0.3217553725918584
2002-06,0.10698569856985699,0.5500550055005501,0.10808580858085809,0.06903190319031903,0.16584158415841585
2002-07,0.017308261007696845,0.028907043708958625,0.42179712827926985,0.11241628109039467,0.41957128591368004
2002-08,0.09561548991750919,0.4108406370775535,0.1703485568370344,0.08520836176322248,0.2379869544046804
2002-09,0.17674109049556783,0.08435370228197556,0.1887916193929929,0.026202498146173255,0.5239110896832904
2002-10,0.13494316744917415,0.14724178524201023,0.17156491200765206,0.4420198392965148,0.10423029600464884
2002-11,0.32179797194387066,0.08990528090516879,0.012019945164495394,0.5695050018937917,0.0067718000926734615
2002-12,0.032148941949183926,0.11096570285686067,0.3261562013876886,0.030864959628632803,0.499864194177634
2003-01,0.13579259445327654,0.23372219355125054,0.19594890974498783,0.13385270024680118,0.3006836020036838
2003-02,0.19884412909132523,0.13303959716182193,0.15348778324559395,0.29826619363698786,0.21636229686427097
2003-03,0.11174459765859977,0.089075008097728,0.3214806117255101,0.22326592938781173,0.2544338531303502
2003-04,0.2880659081408314,0.3219560149809292,0.060345631837781,0.299362610420864,0.03026983461959433
2003-05,0.5756125696610255,0.047867989161000046,0.017095710414642872,0.3482396211462754,0.011184109617056086
2003-06,0.2808048433048433,0.018607549857549855,0.08627136752136752,0.44515669515669515,0.16915954415954415
2003-07,0.39359620113718374,0.06991548265190844,0.02094086920008852,0.1543174533092923,0.361229993701527
2003-08,0.30216826429678795,0.18641832434438935,0.05415201869118064,0.2607419699980348,0.19651942266960717
2003-09,0.07383951061532926,0.021878373515653114,0.13810723281756027,0.04649154372076287,0.7196833393306945
2003-10,0.24724606339122798,0.1797323781847672,0.06758126647293371,0.1414138000946138,0.36402649185645747
2003-11,0.3077939233817701,0.23513870541611623,0.025099075297225888,0.2391017173051519,0.19286657859973577
2003-12,0.10909839480417423,0.43464800489983024,0.15212680171494058,0.2553557028786502,0.04877109570240464
2004-01,0.219274221157138,0.22285420844133616,0.024453465055998432,0.30250892551474545,0.23090917983078205
2004-02,0.18384094986228683,0.1538748750347341,0.37100942091708106,0.1412992424561378,0.1499755117297603
2004-03,0.4101235552012754,0.05273017138302112,0.30466321243523314,0.1992825827022718,0.033200478278198484
2004-04,0.10347425656801193,0.06709137280700127,0.7175422321708786,0.0732335407400366,0.03865859771407137
2004-05,0.2921043693862739,0.44399864146713625,0.09406750878541023,0.0033299898110035215,0.1664994905501761
2004-06,0.2679477201363356,0.12350715225034217,0.1256004938139073,0.26837712353398996,0.21456751026542495
2004-07,0.03410953207285185,0.326018907552318,0.535314996351337,0.06061633711741745,0.04394022690607553
2004-08,0.20139367212862025,0.22074760402018065,0.27991706489156926,0.15481282279274888,0.14312883616688105
2004-09,0.32821255393336624,0.0,0.06736296080564955,0.053388729574690326,0.5510357556862938
2004-10,0.024132594688056414,0.5773348011496751,0.2442570312556317,0.06223669156393496,0.09203888134270183
2004-11,0.274923882136836,0.09431695226592182,0.11533009570301031,0.30405207048975447,0.2113769994044773
2004-12,0.762894182861235,0.1733850415593716,0.03288336995091531,0.017546566205808405,0.013290839422669598
2005-01,0.09102601910174776,0.21939091123903245,0.291811212036383,0.07294550845824992,0.32482634916458686
2005-02,0.10910598555436751,0.05208719750365505,0.048366683396251116,0.6764571104370786,0.11398302310864775
2005-03,0.1433034306841306,0.41512137800578947,0.09564070963858874,0.2625032243271904,0.08343125734430082
2005-04,0.06604427207213012,0.01839993419929546,0.2549705167616656,0.27963425834795524,0.3809510186189536
2005-05,0.4571896763621467,0.2560426054895535,0.1638672675133142,0.04916018025399426,0.0737402703809914
2005-06,0.29600792751981886,0.2553970838052096,0.0866364665911665,0.1769535673839185,0.1850049546998868
2005-07,0.4535424731431276,0.20430761437142556,0.13563278601128254,0.19683294555295877,0.009684180921205572
2005-08,0.20879240077141153,0.24528931242625426,0.09064645692027136,0.06875533757402581,0.38651649230803703
2005-09,0.3261507686286447,0.07873279554695484,0.029940640560109588,0.18481876888956536,0.3803570263747255
2005-10,0.18773385062562073,0.11432991503100301,0.29270331549155915,0.20939544877473076,0.19583747007708638
2005-11,0.19787746167559964,0.203076212721264,0.3099584299429819,0.20663895329532128,0.08244894236483317
2005-12,0.7800312012480499,0.031201248049921998,0.0327613104524181,0.0358814352574103,0.12012480499219969
2006-01,0.43905151593117936,0.08246532820968239,0.11930747715521178,0.1659930116942077,0.1931826670097189
2006-02,0.24454156337235203,0.3020807547540819,0.20138716983605462,0.1961712421373008,0.055819269900210786
2006-03,0.43674755751654587,0.07752915222187205,0.007752915222187205,0.3151591553734636,0.16281121966593132
2006-04,0.1990604347479895,0.3912731905406482,0.30097937733896013,0.0016721076518831119,0.10701488972051916
2006-05,0.062199613689966855,0.4272180466295374,0.20385923386886637,0.2588125925639521,0.047910513247677165
2006-06,0.18800627403794506,0.03835327990374079,0.059560387615221,0.6445929395586687,0.06948711888442449
2006-07,0.04687317454411637,0.44238902134737024,0.2773438864600821,0.15313466123562816,0.08025925641280302
2006-08,0.11431750672749656,0.12612258023774997,0.13968414800524995,0.5430081569556087,0.07686760807389495
2006-09,0.21227666725632405,0.02479391473553865,0.25413762603927115,0.18595436051653985,0.3228374314523262
2006-10,0.10521203533350855,0.171410940588968,0.44281159652150065,0.014878469643122422,0.26568695791290037
2006-11,0.22043707611152977,0.04346646571213263,0.04657121326299925,0.38809344385832706,0.30143180105501133
2006-12,0.1504936190705514,0.33278653985071033,0.16930532145437033,0.2511136527811221,0.09630086684324585
2007-01,0.02903855539287458,0.6100536847242558,0.10370912640312349,0.15763787213274771,0.09956076134699855
2007-02,0.10284757918131218,0.5694771826207762,0.1563270697390366,0.11229127544635024,0.05905689301252493
2007-03,0.033504264420649896,0.17270239392087575,0.10721364614607966,0.2577251109280761,0.42885458458431863
2007-04,0.06512919836287653,0.09163004459328837,0.15279309935930832,0.13684947160007618,0.5535981860844505
2007-05,0.05559468705977058,0.21382571946065607,0.2195990138860938,0.10219611591869592,0.40878446367478366
2007-06,0.2631222485607857,0.3386386725364037,0.18845242126650869,0.02844564849305791,0.1813410091432442
2007-07,0.07225147642866596,0.058229626555717305,0.04320638290434225,0.19117868541744357,0.635133828693831
2007-08,0.44646383754792146,0.08881269886705964,0.1365219999113479,0.311682301684398,0.016519161989273095
2007-09,0.05290577815014833,0.05841180936034476,0.2482501897814652,0.04274506579018607,0.5976871569178557
2007-10,0.3869967253324074,0.010389173834427045,0.10319912675530865,0.3439970891843621,0.1554178848934948
2007-11,0.0428740001896396,0.1377441282688421,0.24471621828242487,0.44648096749210897,0.12818468576698447
2007-12,0.014394616039715015,0.17448019442078805,0.08348877303034709,0.09139438755374613,0.6362420289554036
2008-01,0.15512603990742474,0.4003027459811096,0.21578032151122786,0.21578032151122786,0.013010571089009819
2008-02,0.14080160625434246,0.1106298334855548,0.0817775729125221,0.09992372056759788,0.5668672667799828
2008-03,0.08722741433021808,0.04672897196261682,0.12305295950155765,0.0778816199376947,0.6651090342679127
2008-04,0.11626023228246447,0.14841731780740144,0.22880013713189007,0.05648270394289771,0.4500396088353463
2008-05,0.12263477633668858,0.02839688240093748,0.03776501390500675,0.6767923638890099,0.13441096346835735
2008-06,0.055984704387589006,0.017507256359868977,0.2353255370868148,0.0862630267913544,0.6049194753743727
2008-07,0.33378619442737,0.4863228961818133,0.06549450483230712,0.09690566934988162,0.01749073520862783
2008-08,0.43256725237132637,0.19878090499144768,0.23253615300886332,0.1050163271652931,0.031099362463069512
2008-09,0.02351834430856068,0.5559736594543745,0.22671683913452498,0.16745061147695203,0.026340545625587963
2008-10,0.021895361496226194,0.031795872781476296,0.22231674248808225,0.14991754016466072,0.5740744830695544
2008-11,0.01729296548610478,0.010660798057202473,0.3047314499064926,0.1849914982876059,0.48232328826259424
2008-12,0.755001957879552,0.03212774288849158,0.013769032666496388,0.1540160253523086,0.045085241213151245
2009-01,0.22802627752309457,0.04322198705929339,0.08783572210189602,0.41707370418754053,0.2238423091281754
2009-02,0.10125510046322816,0.01923118454841168,0.1590515118076388,0.1310360123641776,0.5894261908165438
2009-03,0.13226688479862717,0.6850240153003526,0.07833859559264816,0.08773922706376594,0.016631277244606012
2009-04,0.5107759205846294,0.3839774101449669,0.09384522524065422,0.009312884947545839,0.002088559082203597
2009-05,0.17010181622405252,0.11049813981914453,0.5059438636407715,0.18186000628562296,0.03159617403040847
2009-06,0.19282873707995327,0.03084420830813271,0.059719637362554825,0.2551657232763706,0.4614416939729886
2009-07,0.18798037405866094,0.37989339192608046,0.1709845134242868,0.2469700311900399,0.014171689400931883
2009-08,0.49333403427011363,0.338772481333287,0.014702007643811334,0.14829621070159615,0.004895266051191866
2009-09,0.4824371437531128,0.1855527475973511,0.2314991422405047,0.06361808489052037,0.036892881518511
2009-10,0.025732526520138924,0.030133338656599735,0.529011853453668,0.08401414287700987,0.3311081384925835
2009-11,0.07881492031347939,0.6212470189415434,0.21122398644012477,0.025346878372814973,0.06336719593203743
2009-12,0.2288777386480506,0.2157595575490673,0.03741270727900827,0.40754583092601604,0.11040416559785775
2010-01,0.15436395340985376,0.1952249999006974,0.3574894706110554,0.2088453487309786,0.08407622734741489
2010-02,0.11091764833909187,0.2372609298909051,0.2720570231520526,0.10504121663900752,0.2747231819789428
2010-03,0.1674441272714614,0.20002784933509712,0.13924667548562278,0.1529624730209566,0.3403188748868621
2010-04,0.3705357142857143,0.2150297619047619,0.051339285714285705,0.12797619047619047,0.23511904761904762
2010-05,0.003805268856651868,0.038988410416515046,0.12367123784118572,0.4530081972204605,0.38052688566518683
2010-06,0.05140989625673115,0.027017541224282113,0.7936402734632871,0.08192415726072641,0.04600813179497317
2010-07,0.01605177993527508,0.43149946062567424,0.03210355987055016,0.2688673139158576,0.25147788565264295
2010-08,0.017004336857331576,0.028191400579260246,0.02838874038331507,0.0336878371701852,0.892727685009908
2010-09,0.3531618666360881,0.02980268916760237,0.4484595131886833,0.03578706915245693,0.1327888618551691
2010-10,0.10220146451560462,0.05257276981255381,0.15202467846696185,0.4913531947865606,0.20184789241831913
2010-11,0.38994156189126966,0.11067823623162741,0.047812998052063044,0.16893925978395608,0.28262794404108377
2010-12,0.12102368633242461,0.4347452809999719,0.034156605986798545,0.37129596971889495,0.0387784569619099
2011-01,0.06020296067890058,0.12142335139327459,0.19249104532859004,0.12142335139327459,0.5044592912059601
2011-02,0.2616778117489332,0.20141261874008798,0.08174876968101631,0.13956149959943104,0.3155993002305315
2011-03,0.06289039237959322,0.013116921615899805,0.0422469811404901,0.8001322185698883,0.0816134862941286
2011-04,0.4013908274762758,0.09084977576623525,0.2229726046630712,0.2759561938899396,0.008830598204478068
2011-05,0.24876084395909043,0.0739242130633146,0.3259762099239921,0.09856561741775281,0.25277311563585
2011-06,0.021434655946003075,0.3189680944345696,0.3335768331596729,0.08755986906047009,0.2384605473992842
2011-07,0.15556171818060976,0.207415624240813,0.5002864856688409,0.1031348407827247,0.033601331127011705
2011-08,0.030519854201674204,0.041382853154812486,0.3222896603696796,0.2570092985404144,0.34879833373341945
2011-09,0.0770113219994139,0.16387292937084588,0.574997334576424,0.06764674524428517,0.11647166880903095
2011-10,0.5879299983282403,0.016992196483475157,0.07866757631238497,0.1975836800404088,0.11882654883549061
2011-11,0.27609851194906343,0.16805996379508206,0.14379210502307224,0.11518829918514926,0.296861120047633
2011-12,0.30393289161753084,0.16348550240106982,0.09829189714910948,0.25275059266913863,0.1815391161631512
2012-01,0.4666796165373754,0.23355000327163217,0.11270821053407125,0.158422030191247,0.02864013946567423
2012-02,0.005488644354431517,0.004035800193813495,0.019553295512662282,0.9385581846077895,0.03236407533130309
2012-03,0.2971794369440268,0.15922874231460954,0.2586561765994307,0.10335900816913252,0.18157663597280038
2012-04,0.2066060975286732,0.14568378671893623,0.14772335973300135,0.07386167986650068,0.4261250761528885
2012-05,0.41360777304297813,0.04638591847210969,0.10323650015152734,0.11465207468751352,0.3221177336458714
2012-06,0.22217358977082519,0.16398526864037097,0.24265354933467145,0.12166648963640428,0.24952110261772817
2012-07,0.006594209492760218,0.9165951194936702,0.020165092628860747,0.0009165951194936704,0.05572898326521515
2012-08,0.10720472215140982,0.31674122453825626,0.18319330511177342,0.29005606642697457,0.10280468177158592
2012-09,0.1149136450263155,0.30141283941328656,0.12643156015657994,0.29199368818162136,0.1652482672221966
2012-10,0.1387178208299922,0.44321730933390807,0.09213347801395004,0.30864715134673265,0.01728424047541703
2012-11,0.12847453118765795,0.33249102274238596,0.16757547546216253,0.23460566564702753,0.13685330496076606
2012-12,0.2624930406463005,0.48748707548598663,0.07507308469792663,0.12638553808895953,0.04856126108082668
2013-01,0.12223712478977612,0.24447424957955224,0.1319485371219518,0.3590715540699674,0.14226853443875248
2013-02,0.5396262886597938,0.01483972293814433,0.2013530927835051,0.0701514175257732,0.1740294780927835
2013-03,0.08897581400473803,0.5509338328466752,0.01465483995372156,0.1444548509723982,0.20098066222246708
2013-04,0.25332488917036095,0.2564914502849905,0.15389487017099432,0.21089297023432552,0.12539582013932868
2013-05,0.3010776384730792,0.3843855287301934,0.074189945905347,0.1679933257856708,0.0723535611057097
2013-06,0.33041648205582635,0.006313690739920249,0.553832521045636,0.0,0.10943730615861764
2013-07,0.3357609069048438,0.10573686018550327,0.13740982480247338,0.09460666437650293,0.3264857437306768
2013-08,0.9166889181132126,0.02044659296906794,0.03630088115728322,0.025463581058700346,0.0011000267017358552
2013-09,0.2932288383844057,0.09138840565492917,0.19223078430864413,0.0819807756610394,0.34117119599098156
2013-10,0.11946860365096051,0.22101691675427698,0.49154162286151193,0.15382777406097678,0.014145082672273726
2013-11,0.6,0.13617021276595745,0.059574468085106386,0.01702127659574468,0.18723404255319148
2013-12,0.04077013003012558,0.9173279256778255,0.03988382285555763,0.0016511902662200858,0.00036693117027113023
2014-01,0.1552857766345372,0.12934014379021924,0.06900363341385407,0.18854513918715057,0.45782530697423895
2014-02,0.01166097731393584,0.2686861132243281,0.36214215260670307,0.18509487799898158,0.17241587885605134
2014-03,0.08993204472285049,0.48326782872718166,0.20879522823304197,0.1882097831959815,0.029795115120944387
2014-04,0.03933983668365137,0.18963374874987302,0.5640388424355198,0.1653217296793765,0.04166584245157934
2014-05,0.05217229378298896,0.7585048865373009,0.004930281762492456,0.09860563524984911,0.08578690266736873
2014-06,0.4969899382768242,0.22829119810602858,0.08455229559482541,0.07990191933711,0.1102646486852118
2014-07,0.02329503629366654,0.0029980711709948838,0.08894277807284823,0.051966566963911325,0.8327975474985789
2014-08,0.04887051066305497,0.350326241312222,0.2463231384226561,0.225209726557857,0.1292703830442099
2014-09,0.056286539303916874,0.15625815388848563,0.272201704073742,0.41056063962857015,0.10469296310528539
2014-10,0.11731608016969945,0.017376813379600887,0.05517900388960983,0.2859275656097964,0.5242005369512934
2014-11,0.1361162004180221,0.10043525467737555,0.46551740542963554,0.08379313297733441,0.21413800649763234
2014-12,0.35617892652252914,0.2827014556664829,0.10208039852187584,0.11955656274882097,0.13948265654029116
2015-01,0.14644378123148535,0.03763359741144316,0.2169125287600761,0.08165350226240396,0.5173565903345915
2015-02,0.12054764660290491,0.20253300840541819,0.33634946038756947,0.20698428331542737,0.13358560128868008
2015-03,0.2916648561101345,0.25676983546979004,0.008550435521144008,0.1827016136996583,0.2603132591992732
2015-04,0.08130208106685778,0.45722664350379477,0.015073405829795432,0.411841689338673,0.03455618026087903
2015-05,0.08794978252342994,0.09295052052782704,0.05919753821325297,0.14319404513746326,0.6167081135980268
2015-06,0.35156909383871704,0.1534566101434819,0.053341517685874314,0.07672830507174094,0.3649044732601856
2015-07,0.01969913056136803,0.02170243197438851,0.02688931321626736,0.03719130458681516,0.894517819661161
2015-08,0.046568212404524016,0.5159757934421261,0.12666553774030534,0.2216646910455343,0.08912576536751009
2015-09,0.03720951716802214,0.0581361496233178,0.18375175863084373,0.17899060844617548,0.5419119661316408
2015-10,0.11075303963067915,0.4983886783380561,0.20174773699124512,0.11921457185846303,0.06989597318155666
2015-11,0.3542118665136885,0.2547920202227654,0.038913690361295085,0.1080935843369308,0.24398883856532017
2015-12,0.006127939342998595,0.00702012974542751,0.0091612693177829,0.91612693177829,0.06156372981550108
2016-01,0.029654143721772965,0.21506074651341406,0.2901776579750372,0.31693162644082074,0.14817582534895515
2016-02,0.10820519412591256,0.2157200839830793,0.39962145557865436,0.24838010469811747,0.028073161614236345
2016-03,0.06802461255778482,0.07565354106893825,0.04895229127990122,0.7946800532451498,0.012689501848225943
2016-04,0.17793045288154918,0.4744812076841311,0.04870670194671626,0.27485191908531986,0.024029718402283604
2016-05,0.3290263077876139,0.12090725768099064,0.18413398876187562,0.0809298579638889,0.2850025878056311
2016-06,0.052351905420701804,0.07860646459564835,0.16287259464218337,0.22569488114702554,0.48047415419444095
2016-07,0.43937084642228275,0.1342164120302672,0.22322873648874042,0.150140393118604,0.05304361194010561
2016-08,0.1947092408446126,0.3685567773130168,0.06264776088951499,0.3408775224870669,0.03320869846578875
2016-09,0.5557324051797354,0.24225475378366848,0.13592574420441125,0.009011876840752466,0.057075219991432294
2016-10,0.040456347600938594,0.6651751759851121,0.15125010114086904,0.04553766485961648,0.09758071041346388
2016-11,0.2856334175550366,0.33169029110705095,0.22444870152053792,0.14948283521267827,0.008744754604696283
2016-12,0.030702457398743752,0.2643406697989401,0.09135853177187166,0.3255827931998277,0.2880155478306168
2017-01,0.1323602056503754,0.07027123645438113,0.3943793882643839,0.1951978790399476,0.20779129059091192
2017-02,0.1685968017165801,0.22412269449748973,0.17591390291107967,0.20452726765617912,0.22683933321867142
2017-03,0.20039377882404757,0.08083653845262104,0.1651894663279311,0.28808766363434096,0.2654925527610593
2017-04,0.1213812098942782,0.11872184066341765,0.4804672891648512,0.15804845038317475,0.1213812098942782
2017-05,0.09128401080388887,0.0738965801745767,0.2653626194069049,0.1560497614859776,0.4134070281286519
2017-06,0.16515634431504927,0.09474084867684997,0.02883517429901691,0.0,0.7112676327090838
2017-07,0.04906425173474773,0.26747930784426993,0.12956028973706823,0.41459292715861834,0.13930322352529576
2017-08,0.11333346347702344,0.0986922983388434,0.02887736649394558,0.08666676618831205,0.6724301055018755
2017-09,0.43266345244752547,0.28421825118937866,0.06157507933389199,0.15297096958918788,0.06857224744001608
2017-10,0.08282998190483473,0.03213803297907587,0.14944185335270282,0.04944312766011673,0.6861470041032698
2017-11,0.049944785178867766,0.5493926369675455,0.052082421984523314,0.3296355821805273,0.01894457368853605
2017-12,0.22940487905447057,0.01472779323529701,0.1816427832353298,0.41483284279419913,0.15939170168070357
2018-01,0.04194485401714774,0.10339894246087582,0.17550609970332873,0.13894232893180192,0.5402077748868458
2018-02,0.055139335992465545,0.16568310093889885,0.0896014209877565,0.0727048206651708,0.6168713214157082
2018-03,0.31433947813565233,0.41695115815844586,0.19034726785494266,0.0008755974321327364,0.07748649841882622
2018-04,0.26247288503253796,0.1524036106640543,0.11662351596575933,0.36689758122827887,0.10160240710936952
2018-05,0.46881057996433834,0.030973214849652368,0.048585435058278226,0.06607619167925839,0.38555457844847274
2018-06,0.29818676257373833,0.15928780052015937,0.2944594280415666,0.0894560287721215,0.158609980092414
2018-07,0.14363287681168427,0.13028938255587877,0.4324498655046189,0.09702400828629269,0.19660386684152523
2018-08,0.06543978033845059,0.025951689537773867,0.3298376025123518,0.03787024325141816,0.5409006843600057
2018-09,0.13661904823134588,0.1993030821257281,0.21345360095665478,0.4370716591017217,0.01355260958454951
2018-10,0.02590069268343958,0.39275810385167775,0.10858606400605207,0.41470635083162444,0.058048788627206284
2018-11,0.2862586846601493,0.06612575615649449,0.400762158524209,0.08596348300344284,0.16088991765570435
2018-12,0.00652542099746564,0.010213702430815784,0.9396606236350522,0.0039465746192672195,0.0396536783173992
2019-01,0.4190076198088725,0.30062248515488055,0.17285792896405633,0.09158035971605634,0.015931606356134224
2019-02,0.4673069565190986,0.10058697243081895,0.032228065966834384,0.1689101989876016,0.23096780609564643
2019-03,0.06078080187212051,0.051160818842000716,0.1920065531140287,0.22456906796962417,0.47148275820222596
2019-04,0.15822368168702264,0.3980116712837054,0.29804594919384453,0.08338815656478218,0.062330541270645266
2019-05,0.050094910280194895,0.03360797778291556,0.17315414640328236,0.1409821060015525,0.6021608595320547
2019-06,0.06869712358941543,0.2615040867507249,0.1671011114337132,0.42197250362048794,0.08072517460565856
2019-07,0.033456676949018715,0.02858538478524159,0.7444110621156664,0.021439038588931193,0.1721078375611421
2019-08,0.032596935793686395,0.02209499413630626,0.0591438803040646,0.15531481172285871,0.7308493780430839
2019-09,0.02181493315046455,0.5453733287616137,0.1486647296179806,0.27228268413727974,0.011864324332661417
2019-10,0.10765034232346407,0.21677475296710444,0.18217750239355457,0.4312914355908016,0.06210596672507542
2019-11,0.16021137501815924,0.1802558224776769,0.22900425245591657,0.2936425495200866,0.13688600052816066
2019-12,0.21389328383311118,0.38588994505973667,0.0022050854003413524,0.2734305896423277,0.1245810960644832
2020-01,0.029828734640918158,0.020903977236355443,0.11166654506600131,0.05631459384794031,0.7812861492087847
2020-02,0.010306235155821757,0.06762621493321362,0.17527610809220676,0.102651744579898,0.6441396972388598
2020-03,0.012029401218487461,0.007181214281836783,0.06344168285928418,0.12350826819045445,0.7938394334499371
2020-04,0.35441923392711094,0.10409399492690052,0.3765704360475554,0.13844501325277772,0.026471321845655392
2020-05,0.5101424476938683,0.05306466336168223,0.24600777934475881,0.07943422000153659,0.111350889598154
2020-06,0.4440005980641904,0.10296859880894953,0.020387782564172008,0.12232669538503205,0.3103163251776561
2020-07,0.031058308560110385,0.07048694141301648,0.04074850083086482,0.10137431914020029,0.7563319300558081
2020-08,0.15757306074385408,0.04721886332054886,0.6002273029854889,0.1178487597159917,0.07713201323411657
2020-09,0.00209431173805464,0.07728087594297565,0.15399351015107648,0.1132060398948454,0.6534252622730478
2020-10,0.39642061534442147,0.36310077914090333,0.10293431017460053,0.10953266339092106,0.028011631949153588
2020-11,0.6385273972602741,0.18769652043234494,0.040821339806947576,0.12572972660539852,0.007225015895034969
2020-12,0.3252568337392194,0.04496907654456987,0.03464454366443903,0.5658608798525042,0.02926866619926746
2021-01,0.35309889601072497,0.1531451984138735,0.013460000915280065,0.2513412890912077,0.2289546155689139
2021-02,0.35685633256094185,0.5620094224252719,0.03065505940501483,0.04051686413562627,0.009962321473145115
2021-03,0.061527396165404244,0.40012496274285686,0.34435653085853446,0.1851728514994006,0.008818258733803866
